6494
6769
10795
18926
19446
23197
25743
26780
34956
56868
57725
59478
60977
61398
66418
66570
67347
68505
68622
70487
71557
75439
77159
77877
86264
93389
96943
101594
101778
105608
105744
109657
277595
315545
315852
316736
352955
352998
354963
357097
701288
704366
706698
707388
711665
719135
719209
720875
728387
744187
744825
749647
763744
764195
764579
778164
784199
786947
788920
791908
792977
797468
797564
798949
805928
806517
808461
812796
813762
815094
816284
816956
819689
821189
821995
827871
832489
834365
836809
839087
844965
846475
849636
855654
855683
856982
858470
862668
867038
867665
867840
868278
868780
872589
874499
876378
878526
879169
879585
879682
883984
885725
886744
887247
887396
893538
894158
894627
894871
895464
895665
896747
898437
899460
899866
902739
906709
908255
921299
930775
937556
939767
943819
943861
944809
945764
946563
1006269
1006655
1007587
1014763
1016169
1016708
1017491
1019671
1019695
1019787
1022079
1022646
1024725
1027838
1029744
1034842
1035267
1038357
1044378
1048477
1053369
1053691
1055726
1057083
1059784
1061983
1063197
1069308
1069899
1071993
1072379
1085277
1087294
1088856
1091667
1095981
1096938
1097149
1104485
1108827
1109196
1116463
1117480
1123979
1130598
1133818
1133869
1136869
1138723
1141197
1142596
1145197
1158895
1166691
1172298
1172358
1175680
1178253
1178670
1178879
1181749
1183765
1192448
1196298
1226616
1237831
1239819
1245791
1253689
1255474
1260990
1264587
1266806
1267565
1267813
1274792
1275187
1279704
1280776
1282637
1282648
1285819
1286964
1288359
1289850
1293818
1295947
1297184
1299139
1300699
1304492
1305773
1308137
1309082
1316175
1318641
1323885
1325618
1325879
1326428
1326706
1326732
1333835
1337298
1339469
1342936
1342958
1346980
1347178
1348911
1349929
1355790
1356576
1358762
1358831
1361937
1367083
1367644
1367920
1368148
1369568
1370489
1372299
1374690
1377789
1384195
1385799
1385818
1387713
1388319
1389545
1395937
1396814
1397516
1399529
1401667
1402479
1403708
1404943
1404973
1410939
1411685
1412486
1415684
1416876
1417663
1423586
1424768
1427570
1427925
1429560
1431959
1434647
1434868
1435049
1437557
1437786
1438533
1438943
1442836
1445283
1446847
1453687
1454789
1461993
1463258
1467652
1469372
1473579
1476963
1478069
1479290
1479419
1484565
1485469
1486159
1487371
1488039
1488613
1488917
1492674
1493566
1494891
1496671
1499807
1501989
1504389
1506492
1506742
1506928
1509190
1509261
1509589
1509745
1510964
1511737
1513818
1513856
1514946
1514991
1515673
1516479
1518832
1521847
1527599
1527709
1528172
1528837
1533924
1535955
1537917
1539029
1539838
1549145
1551693
1557746
1557883
1559356
1563568
1563665
1563855
1566373
1567345
1568079
1571498
1575793
1579428
1583648
1584952
1585608
1588972
1594466
1595097
1595248
1596783
1597264
1597553
1598646
1603793
1604665
1604950
1606498
1607678
1609809
1611983
1613859
1617669
1619087
1619739
1623595
1624826
1626199
1626878
1626971
1629137
1636282
1636651
1637655
1637761
1638287
1641489
1644963
1648893
1649904
1656328
1657788
1658566
1659617
1668397
1671584
1681689
1682639
1685715
1686850
1689813
1693664
1717452
