1800
2186
3116
7332
10254
10456
14272
20520
33213
51253
66740
72207
78003
83350
95552
100790
101830
200406
275053
310142
310158
310764
313143
314227
316253
316300
318306
351817
355019
355811
704562
707511
714256
716133
717423
720762
730255
732712
732717
732834
737207
738214
742112
745543
746210
768710
773840
773910
790526
793306
794323
797721
798081
818033
820081
820608
821483
822411
831547
842162
843212
849401
850261
851310
872248
872912
873303
874015
874710
875320
875622
881524
884624
885074
886163
887151
891293
894237
895126
903129
911216
912750
914139
918251
920148
922247
924515
928022
933034
1000683
1001039
1001082
1001316
1001614
1003642
1005201
1005731
1006045
1010086
1011060
1013238
1013606
1014052
1016504
1020214
1023024
1024126
1029125
1029142
1033905
1039101
1040593
1041024
1042074
1042418
1043337
1051512
1051514
1054102
1054274
1061027
1062231
1062822
1069530
1070081
1070336
1070412
1070494
1080014
1080709
1082038
1082554
1083706
1089511
1092662
1094038
1099215
1099800
1100412
1100441
1100682
1102432
1103021
1104506
1105533
1105705
1107421
1113148
1113256
1113481
1114220
1122063
1124105
1125345
1126234
1130166
1133416
1156041
1157601
1160308
1161364
1162461
1164256
1168054
1168220
1173911
1174940
1175151
1175505
1178711
1180145
1208261
1235007
1261249
1262104
1262823
1267602
1269021
1269026
1270073
1271214
1272842
1282266
1285550
1288403
1289340
1290900
1292519
1293310
1294133
1301501
1302573
1304421
1309402
1315255
1321732
1322505
1326190
1328143
1333170
1335105
1337013
1340652
1341235
1346830
1347613
1350653
1352081
1353406
1355250
1356090
1358071
1358403
1360214
1362703
1362705
1370053
1371217
1372514
1373707
1375151
1377121
1379006
1383701
1386018
1388320
1392380
1393020
1393434
1394108
1401914
1404804
1405073
1405660
1410098
1411207
1411906
1412067
1413507
1419041
1419600
1420565
1420720
1422142
1422143
1423824
1425450
1426800
1428522
1429260
1430306
1430602
1431372
1433270
1436161
1437107
1437402
1438133
1439222
1442492
1444307
1444380
1445109
1452804
1460602
1460702
1466301
1467154
1469510
1471261
1472091
1478121
1479000
1481512
1485003
1490161
1492422
1494650
1497504
1501134
1502152
1503802
1505413
1505512
1512922
1517022
1520006
1522602
1526119
1530185
1533040
1534120
1534525
1544227
1544238
1551152
1552451
1553643
1555280
1556263
1557142
1560241
1561743
1566044
1567514
1570562
1573166
1574235
1576263
1581720
1582554
1586105
1587221
1588216
1590750
1591165
1597313
1600132
1600470
1602065
1603454
1604191
1604821
1610853
1610950
1615219
1619250
1621434
1621443
1624326
1625101
1631650
1632127
1634432
1635650
1645460
1651407
1654151
1655020
1659122
1661181
1662524
1674930
1680048
1681682
1681714
1685071
1692415
1701051
1701108
1702780
1720580
